0 55
10 55
20 55
30 55
40 55
50 55
60 55
70 55
80 55
90 55
100 55
110 55
120 55
130 55
140 55
150 55
160 55
170 55
180 55
190 55
200 55
210 55
220 55
230 55
240 55
250 55
260 55
270 55
280 55
290 55
300 55
310 55
320 55
330 55
340 55
350 55
360 55
370 55
380 55
390 55
400 55
410 55
420 55
430 55
440 55
450 55
460 55
470 55
480 55
490 55
500 55
510 55
520 55
530 55
540 55
550 55
560 55
570 55
580 55
590 55
600 55
610 55
620 55
630 55
640 55
650 55
660 55
670 55
680 55
690 55
700 55
710 55
720 55
730 55
740 55
750 55
760 55
770 55
780 55
790 55
800 55
810 55
820 55
830 55
840 55
850 55
860 55
870 55
880 55
890 55
900 55
910 55
920 55
930 55
940 55
950 55
960 55
970 55
980 55
990 55
1000 55
1010 55
1020 55
1030 55
1040 55
1050 55
1060 55
1070 55
1080 55
1090 55
1100 55
1110 55
1120 55
1130 55
1140 55
1150 55
1160 55
1170 55
1180 55
1190 55
1200 55
1210 55
1220 55
1230 55
1240 55
1250 55
1260 55
1270 55
1280 55
1290 55
1300 55
1310 55
1320 55
1330 55
1340 55
1350 55
1360 55
1370 55
1380 55
1390 55
1400 55
1410 55
1420 55
1430 55
1440 55
1450 55
1460 55
1470 55
1480 55
1490 55
1500 55
1510 55
1520 55
1530 55
1540 55
1550 55
1560 55
1570 55
1580 55
1590 55
1600 55
1610 55
1620 55
1630 55
1640 55
1650 55
1660 55
1670 55
1680 55
1690 55
1700 55
1710 55
1720 55
1730 55
1740 55
1750 55
1760 55
1770 55
1780 55
1790 55
1800 55
1810 55
1820 55
1830 55
1840 55
1850 55
1860 55
1870 55
1880 55
1890 55
1900 55
1910 55
1920 55
1930 55
1940 55
1950 55
1960 55
1970 55
1980 55
1990 55
2000 55
2010 55
2020 55
2030 55
2040 55
2050 55
2060 55
2070 55
2080 55
2090 55
2100 55
2110 55
2120 55
2130 55
2140 55
2150 55
2160 55
2170 55
2180 55
2190 55
2200 55
2210 55
2220 55
2230 55
2240 55
2250 55
2260 55
2270 55
2280 55
2290 55
2300 55
2310 55
2320 55
2330 55
2340 55
2350 55
2360 55
2370 55
2380 55
2390 55
2400 55
2410 55
2420 55
2430 55
2440 55
2450 55
2460 55
2470 55
2480 55
2490 55
2500 55
2510 55
2520 55
2530 55
2540 55
2550 55
2560 55
2570 55
2580 55
2590 55
2600 55
2610 55
2620 55
2630 55
2640 55
2650 55
2660 55
2670 55
2680 55
2690 55
2700 55
2710 55
2720 55
2730 55
2740 55
2750 55
2760 55
2770 55
2780 55
2790 55
2800 55
2810 55
2820 55
2830 55
2840 55
2850 55
2860 55
2870 55
2880 55
2890 55
2900 55
2910 55
2920 55
2930 55
2940 55
2950 55
2960 55
2970 55
2980 55
2990 55
3000 55
3010 55
3020 55
3030 55
3040 55
3050 55
3060 55
3070 55
3080 55
3090 55
3100 55
3110 55
3120 55
3130 55
3140 55
3150 55
3160 55
3170 55
3180 55
3190 55
3200 55
3210 55
3220 55
3230 55
3240 55
3250 55
3260 55
3270 55
3280 55
3290 55
3300 55
3310 55
3320 55
3330 55
3340 55
3350 55
3360 55
3370 55
3380 55
3390 55
3400 55
3410 55
3420 55
3430 55
3440 55
3450 55
3460 55
3470 55
3480 55
3490 55
3500 55
3510 55
3520 55
3530 55
3540 55
3550 55
3560 55
3570 55
3580 55
3590 55
3600 55
3610 55
3620 55
3630 55
3640 55
3650 55
3660 55
3670 55
3680 55
3690 55
3700 55
3710 55
3720 55
3730 55
3740 55
3750 55
3760 55
3770 55
3780 55
3790 55
3800 55
3810 55
3820 55
3830 55
3840 55
3850 55
3860 55
3870 55
3880 55
3890 55
3900 55
3910 55
3920 55
3930 55
3940 55
3950 55
3960 55
3970 55
3980 55
3990 55
4000 55
4010 55
4020 55
4030 55
4040 55
4050 55
4060 55
4070 55
4080 55
4090 55
4100 55
4110 55
4120 55
4130 55
4140 55
4150 55
4160 55
4170 55
4180 55
4190 55
4200 55
4210 55
4220 55
4230 55
4240 55
4250 55
4260 55
4270 55
4280 55
4290 55
4300 55
4310 55
4320 55
4330 55
4340 55
4350 55
4360 55
4370 55
4380 55
4390 55
4400 55
4410 55
4420 55
4430 55
4440 55
4450 55
4460 55
4470 55
4480 55
4490 55
4500 55
4510 55
4520 55
4530 55
4540 55
4550 55
4560 55
4570 55
4580 55
4590 55
4600 55
4610 55
4620 55
4630 55
4640 55
4650 55
4660 55
4670 55
4680 55
4690 55
4700 55
4710 55
4720 55
4730 55
4740 55
4750 55
4760 55
4770 55
4780 55
4790 55
4800 55
4810 55
4820 55
4830 55
4840 55
4850 55
4860 55
4870 55
4880 55
4890 55
4900 55
4910 55
4920 55
4930 55
4940 55
4950 55
4960 55
4970 55
4980 55
4990 55
5000 55
5010 55
5020 55
5030 55
5040 55
5050 55
5060 55
5070 55
5080 55
5090 55
5100 55
5110 55
5120 55
5130 55
5140 55
5150 55
5160 55
5170 55
5180 55
5190 55
5200 55
5210 55
5220 55
5230 55
5240 55
5250 55
5260 55
5270 55
5280 55
5290 55
5300 55
5310 55
5320 55
5330 55
5340 55
5350 55
5360 55
5370 55
5380 55
5390 55
5400 55
5410 55
5420 55
5430 55
5440 55
5450 55
5460 55
5470 55
5480 55
5490 55
5500 55
5510 55
5520 55
5530 55
5540 55
5550 55
5560 55
5570 55
5580 55
5590 55
5600 55
5610 55
5620 55
5630 55
5640 55
5650 55
5660 55
5670 55
5680 55
5690 55
5700 55
5710 55
5720 55
5730 55
5740 55
5750 55
5760 55
5770 55
5780 55
5790 55
5800 55
5810 55
5820 55
5830 55
5840 55
5850 55
5860 55
5870 55
5880 55
5890 55
5900 55
5910 55
5920 55
5930 55
5940 55
5950 55
5960 55
5970 55
5980 55
5990 55
6000 55
6010 55
6020 55
6030 55
6040 55
6050 55
6060 55
6070 55
6080 55
6090 55
6100 55
6110 55
6120 55
6130 55
6140 55
6150 55
6160 55
6170 55
6180 55
6190 55
6200 55
6210 55
6220 55
6230 55
6240 55
6250 55
6260 55
6270 55
6280 55
6290 55
6300 55
6310 55
6320 55
6330 55
6340 55
6350 55
6360 55
6370 55
6380 55
6390 55
6400 55
6410 55
6420 55
6430 55
6440 55
6450 55
6460 55
6470 55
6480 55
6490 55
6500 55
6510 55
6520 55
6530 55
6540 55
6550 55
6560 55
6570 55
6580 55
6590 55
6600 55
6610 55
6620 55
6630 55
6640 55
6650 55
6660 55
6670 55
6680 55
6690 55
6700 55
6710 55
6720 55
6730 55
6740 55
6750 55
6760 55
6770 55
6780 55
6790 55
6800 55
6810 55
6820 55
6830 55
6840 55
6850 55
6860 55
6870 55
6880 55
6890 55
6900 55
6910 55
6920 55
6930 55
6940 55
6950 55
6960 55
6970 55
6980 55
6990 55
7000 55
7010 55
7020 55
7030 55
7040 55
7050 55
7060 55
7070 55
7080 55
7090 55
7100 55
7110 55
7120 55
7130 55
7140 55
7150 55
7160 55
7170 55
7180 55
7190 55
7200 55
7210 55
7220 55
7230 55
7240 55
7250 55
7260 55
7270 55
7280 55
7290 55
7300 55
7310 55
7320 55
7330 55
7340 55
7350 55
7360 55
7370 55
7380 55
7390 55
7400 55
7410 55
7420 55
7430 55
7440 55
7450 55
7460 55
7470 55
7480 55
7490 55
7500 55
7510 55
7520 55
7530 55
7540 55
7550 55
7560 55
7570 55
7580 55
7590 55
7600 55
7610 55
7620 55
7630 55
7640 55
7650 55
7660 55
7670 55
7680 55
7690 55
7700 55
7710 55
7720 55
7730 55
7740 55
7750 55
7760 55
7770 55
7780 55
7790 55
7800 55
7810 55
7820 55
7830 55
7840 55
7850 55
7860 55
7870 55
7880 55
7890 55
7900 55
7910 55
7920 55
7930 55
7940 55
7950 55
7960 55
7970 55
7980 55
7990 55
8000 55
8010 55
8020 55
8030 55
8040 55
8050 55
8060 55
8070 55
8080 55
8090 55
8100 55
8110 55
8120 55
8130 55
8140 55
8150 55
8160 55
8170 55
8180 55
8190 55
8200 55
8210 55
8220 55
8230 55
8240 55
8250 55
8260 55
8270 55
8280 55
8290 55
8300 55
8310 55
8320 55
8330 55
8340 55
8350 55
8360 55
8370 55
8380 55
8390 55
8400 55
8410 55
8420 55
8430 55
8440 55
8450 55
8460 55
8470 55
8480 55
8490 55
8500 55
8510 55
8520 55
8530 55
8540 55
8550 55
8560 55
8570 55
8580 55
8590 55
8600 55
8610 55
8620 55
8630 55
8640 55
8650 55
8660 55
8670 55
8680 55
8690 55
8700 55
8710 55
8720 55
8730 55
8740 55
8750 55
8760 55
8770 55
8780 55
8790 55
8800 55
8810 55
8820 55
8830 55
8840 55
8850 55
8860 55
8870 55
8880 55
8890 55
8900 55
8910 55
8920 55
8930 55
8940 55
8950 55
8960 55
8970 55
8980 55
8990 55
9000 55
9010 55
9020 55
9030 55
9040 55
9050 55
9060 55
9070 55
9080 55
9090 55
9100 55
9110 55
9120 55
9130 55
9140 55
9150 55
9160 55
9170 55
9180 55
9190 55
9200 55
9210 55
9220 55
9230 55
9240 55
9250 55
9260 55
9270 55
9280 55
9290 55
9300 55
9310 55
9320 55
9330 55
9340 55
9350 55
9360 55
9370 55
9380 55
9390 55
9400 55
9410 55
9420 55
9430 55
9440 55
9450 55
9460 55
9470 55
9480 55
9490 55
9500 55
9510 55
9520 55
9530 55
9540 55
9550 55
9560 55
9570 55
9580 55
9590 55
9600 55
9610 55
9620 55
9630 55
9640 55
9650 55
9660 55
9670 55
9680 55
9690 55
9700 55
9710 55
9720 55
9730 55
9740 55
9750 55
9760 55
9770 55
9780 55
9790 55
9800 55
9810 55
9820 55
9830 55
9840 55
9850 55
9860 55
9870 55
9880 55
9890 55
9900 55
9910 55
9920 55
9930 55
9940 55
9950 55
9960 55
9970 55
9980 55
9990 55
10000 55
